TITLE "Colormap brg_r"
LUT_1D_SIZE 256
0.0000000 1.0000000 0.0000000
0.0078431 0.9921569 0.0000000
0.0156863 0.9843137 0.0000000
0.0235294 0.9764706 0.0000000
0.0313725 0.9686275 0.0000000
0.0392157 0.9607843 0.0000000
0.0470588 0.9529412 0.0000000
0.0549020 0.9450980 0.0000000
0.0627451 0.9372549 0.0000000
0.0705882 0.9294118 0.0000000
0.0784314 0.9215686 0.0000000
0.0862745 0.9137255 0.0000000
0.0941176 0.9058824 0.0000000
0.1019608 0.8980392 0.0000000
0.1098039 0.8901961 0.0000000
0.1176471 0.8823529 0.0000000
0.1254902 0.8745098 0.0000000
0.1333333 0.8666667 0.0000000
0.1411765 0.8588235 0.0000000
0.1490196 0.8509804 0.0000000
0.1568627 0.8431373 0.0000000
0.1647059 0.8352941 0.0000000
0.1725490 0.8274510 0.0000000
0.1803922 0.8196078 0.0000000
0.1882353 0.8117647 0.0000000
0.1960784 0.8039216 0.0000000
0.2039216 0.7960784 0.0000000
0.2117647 0.7882353 0.0000000
0.2196078 0.7803922 0.0000000
0.2274510 0.7725490 0.0000000
0.2352941 0.7647059 0.0000000
0.2431373 0.7568627 0.0000000
0.2509804 0.7490196 0.0000000
0.2588235 0.7411765 0.0000000
0.2666667 0.7333333 0.0000000
0.2745098 0.7254902 0.0000000
0.2823529 0.7176471 0.0000000
0.2901961 0.7098039 0.0000000
0.2980392 0.7019608 0.0000000
0.3058824 0.6941176 0.0000000
0.3137255 0.6862745 0.0000000
0.3215686 0.6784314 0.0000000
0.3294118 0.6705882 0.0000000
0.3372549 0.6627451 0.0000000
0.3450980 0.6549020 0.0000000
0.3529412 0.6470588 0.0000000
0.3607843 0.6392157 0.0000000
0.3686275 0.6313725 0.0000000
0.3764706 0.6235294 0.0000000
0.3843137 0.6156863 0.0000000
0.3921569 0.6078431 0.0000000
0.4000000 0.6000000 0.0000000
0.4078431 0.5921569 0.0000000
0.4156863 0.5843137 0.0000000
0.4235294 0.5764706 0.0000000
0.4313725 0.5686275 0.0000000
0.4392157 0.5607843 0.0000000
0.4470588 0.5529412 0.0000000
0.4549020 0.5450980 0.0000000
0.4627451 0.5372549 0.0000000
0.4705882 0.5294118 0.0000000
0.4784314 0.5215686 0.0000000
0.4862745 0.5137255 0.0000000
0.4941176 0.5058824 0.0000000
0.5019608 0.4980392 0.0000000
0.5098039 0.4901961 0.0000000
0.5176471 0.4823529 0.0000000
0.5254902 0.4745098 0.0000000
0.5333333 0.4666667 0.0000000
0.5411765 0.4588235 0.0000000
0.5490196 0.4509804 0.0000000
0.5568627 0.4431373 0.0000000
0.5647059 0.4352941 0.0000000
0.5725490 0.4274510 0.0000000
0.5803922 0.4196078 0.0000000
0.5882353 0.4117647 0.0000000
0.5960784 0.4039216 0.0000000
0.6039216 0.3960784 0.0000000
0.6117647 0.3882353 0.0000000
0.6196078 0.3803922 0.0000000
0.6274510 0.3725490 0.0000000
0.6352941 0.3647059 0.0000000
0.6431373 0.3568627 0.0000000
0.6509804 0.3490196 0.0000000
0.6588235 0.3411765 0.0000000
0.6666667 0.3333333 0.0000000
0.6745098 0.3254902 0.0000000
0.6823529 0.3176471 0.0000000
0.6901961 0.3098039 0.0000000
0.6980392 0.3019608 0.0000000
0.7058824 0.2941176 0.0000000
0.7137255 0.2862745 0.0000000
0.7215686 0.2784314 0.0000000
0.7294118 0.2705882 0.0000000
0.7372549 0.2627451 0.0000000
0.7450980 0.2549020 0.0000000
0.7529412 0.2470588 0.0000000
0.7607843 0.2392157 0.0000000
0.7686275 0.2313725 0.0000000
0.7764706 0.2235294 0.0000000
0.7843137 0.2156863 0.0000000
0.7921569 0.2078431 0.0000000
0.8000000 0.2000000 0.0000000
0.8078431 0.1921569 0.0000000
0.8156863 0.1843137 0.0000000
0.8235294 0.1764706 0.0000000
0.8313725 0.1686275 0.0000000
0.8392157 0.1607843 0.0000000
0.8470588 0.1529412 0.0000000
0.8549020 0.1450980 0.0000000
0.8627451 0.1372549 0.0000000
0.8705882 0.1294118 0.0000000
0.8784314 0.1215686 0.0000000
0.8862745 0.1137255 0.0000000
0.8941176 0.1058824 0.0000000
0.9019608 0.0980392 0.0000000
0.9098039 0.0901961 0.0000000
0.9176471 0.0823529 0.0000000
0.9254902 0.0745098 0.0000000
0.9333333 0.0666667 0.0000000
0.9411765 0.0588235 0.0000000
0.9490196 0.0509804 0.0000000
0.9568627 0.0431373 0.0000000
0.9647059 0.0352941 0.0000000
0.9725490 0.0274510 0.0000000
0.9803922 0.0196078 0.0000000
0.9882353 0.0117647 0.0000000
0.9960784 0.0039216 0.0000000
0.9960784 0.0000000 0.0039216
0.9882353 0.0000000 0.0117647
0.9803922 0.0000000 0.0196078
0.9725490 0.0000000 0.0274510
0.9647059 0.0000000 0.0352941
0.9568627 0.0000000 0.0431373
0.9490196 0.0000000 0.0509804
0.9411765 0.0000000 0.0588235
0.9333333 0.0000000 0.0666667
0.9254902 0.0000000 0.0745098
0.9176471 0.0000000 0.0823529
0.9098039 0.0000000 0.0901961
0.9019608 0.0000000 0.0980392
0.8941176 0.0000000 0.1058824
0.8862745 0.0000000 0.1137255
0.8784314 0.0000000 0.1215686
0.8705882 0.0000000 0.1294118
0.8627451 0.0000000 0.1372549
0.8549020 0.0000000 0.1450980
0.8470588 0.0000000 0.1529412
0.8392157 0.0000000 0.1607843
0.8313725 0.0000000 0.1686275
0.8235294 0.0000000 0.1764706
0.8156863 0.0000000 0.1843137
0.8078431 0.0000000 0.1921569
0.8000000 0.0000000 0.2000000
0.7921569 0.0000000 0.2078431
0.7843137 0.0000000 0.2156863
0.7764706 0.0000000 0.2235294
0.7686275 0.0000000 0.2313725
0.7607843 0.0000000 0.2392157
0.7529412 0.0000000 0.2470588
0.7450980 0.0000000 0.2549020
0.7372549 0.0000000 0.2627451
0.7294118 0.0000000 0.2705882
0.7215686 0.0000000 0.2784314
0.7137255 0.0000000 0.2862745
0.7058824 0.0000000 0.2941176
0.6980392 0.0000000 0.3019608
0.6901961 0.0000000 0.3098039
0.6823529 0.0000000 0.3176471
0.6745098 0.0000000 0.3254902
0.6666667 0.0000000 0.3333333
0.6588235 0.0000000 0.3411765
0.6509804 0.0000000 0.3490196
0.6431373 0.0000000 0.3568627
0.6352941 0.0000000 0.3647059
0.6274510 0.0000000 0.3725490
0.6196078 0.0000000 0.3803922
0.6117647 0.0000000 0.3882353
0.6039216 0.0000000 0.3960784
0.5960784 0.0000000 0.4039216
0.5882353 0.0000000 0.4117647
0.5803922 0.0000000 0.4196078
0.5725490 0.0000000 0.4274510
0.5647059 0.0000000 0.4352941
0.5568627 0.0000000 0.4431373
0.5490196 0.0000000 0.4509804
0.5411765 0.0000000 0.4588235
0.5333333 0.0000000 0.4666667
0.5254902 0.0000000 0.4745098
0.5176471 0.0000000 0.4823529
0.5098039 0.0000000 0.4901961
0.5019608 0.0000000 0.4980392
0.4941176 0.0000000 0.5058824
0.4862745 0.0000000 0.5137255
0.4784314 0.0000000 0.5215686
0.4705882 0.0000000 0.5294118
0.4627451 0.0000000 0.5372549
0.4549020 0.0000000 0.5450980
0.4470588 0.0000000 0.5529412
0.4392157 0.0000000 0.5607843
0.4313725 0.0000000 0.5686275
0.4235294 0.0000000 0.5764706
0.4156863 0.0000000 0.5843137
0.4078431 0.0000000 0.5921569
0.4000000 0.0000000 0.6000000
0.3921569 0.0000000 0.6078431
0.3843137 0.0000000 0.6156863
0.3764706 0.0000000 0.6235294
0.3686275 0.0000000 0.6313725
0.3607843 0.0000000 0.6392157
0.3529412 0.0000000 0.6470588
0.3450980 0.0000000 0.6549020
0.3372549 0.0000000 0.6627451
0.3294118 0.0000000 0.6705882
0.3215686 0.0000000 0.6784314
0.3137255 0.0000000 0.6862745
0.3058824 0.0000000 0.6941176
0.2980392 0.0000000 0.7019608
0.2901961 0.0000000 0.7098039
0.2823529 0.0000000 0.7176471
0.2745098 0.0000000 0.7254902
0.2666667 0.0000000 0.7333333
0.2588235 0.0000000 0.7411765
0.2509804 0.0000000 0.7490196
0.2431373 0.0000000 0.7568627
0.2352941 0.0000000 0.7647059
0.2274510 0.0000000 0.7725490
0.2196078 0.0000000 0.7803922
0.2117647 0.0000000 0.7882353
0.2039216 0.0000000 0.7960784
0.1960784 0.0000000 0.8039216
0.1882353 0.0000000 0.8117647
0.1803922 0.0000000 0.8196078
0.1725490 0.0000000 0.8274510
0.1647059 0.0000000 0.8352941
0.1568627 0.0000000 0.8431373
0.1490196 0.0000000 0.8509804
0.1411765 0.0000000 0.8588235
0.1333333 0.0000000 0.8666667
0.1254902 0.0000000 0.8745098
0.1176471 0.0000000 0.8823529
0.1098039 0.0000000 0.8901961
0.1019608 0.0000000 0.8980392
0.0941176 0.0000000 0.9058824
0.0862745 0.0000000 0.9137255
0.0784314 0.0000000 0.9215686
0.0705882 0.0000000 0.9294118
0.0627451 0.0000000 0.9372549
0.0549020 0.0000000 0.9450980
0.0470588 0.0000000 0.9529412
0.0392157 0.0000000 0.9607843
0.0313725 0.0000000 0.9686275
0.0235294 0.0000000 0.9764706
0.0156863 0.0000000 0.9843137
0.0078431 0.0000000 0.9921569
0.0000000 0.0000000 1.0000000
